MEDIA = 6.43182

MEDIA = 4.84091

MEDIA = 10.00000